32718
32604
291029
305756
49468
211264
893792
438784
601705
227162
27428
197691
61888
185248
378404
249163
767623
227078
396254
114962
62528
527095
75294
35722
236627
60678
31016
191384
207618
69976
148546
100426
330673
60018
209864
117822
436281
50001
98642
264384
428757
29740
13839
283819
66394
160912
98902
318327
306925
32888
192766
287534
115224
50568
546549
259622
408714
33156
101204
99012
163812
544432
249047
232391
138317
206950
721296
275312
30142
286301
156844
550624
861742
195605
282753
169400
196758
616897
758619
84655
195302
65164
47529
132373
54759
99104
285001
130682
146636
677819
66236
181887
49413
148552
134002
163888
181195
150042
996548
199512
116655
197470
313040
197712
63506
99640
130916
216174
548174
358100
220140
668892
15931
33006
202176
202640
183846
98790
164268
32922
247659
197533
246263
640395
65356
33138
388500
173381
50208
60790
153732
56466
187729
334282
791047
272223
378860
172636
63540
199828
32906
193810
213284
95922
244612
898847
262069
230643
200024
166886
232053
214893
281048
166904
317578
64733
571343
202696
272280
252730
106456
32586
456058
149530
460640
98310
335766
385188
28752
211754
286590
202329
31930
34500
160938
48952
424922
125869
1223327
129104
231976
235544
100018
102126
200595
252112
1301892
83067
212649
315441
192652
32916
200256
568434
33724
33116
676428
239114
33982
268156
65886
527398
394444
395354
65870
1346859
573937
66282
228005
567047
199344
249765
187727
29578
576884
270846
49580
117039
299784
260314
166164
363728
2219290
59477
14871
195676
34214
245413
298544
412936
142572
372128
139812
113660
71716
341479
31488
30670
61396
30550
181645
320596
431932
243081
185666
189152
202331
176915
591859
288369
381904
264281
51060
1081387
113812
130922
114012
280693
67038
316952
322902
70594
367119
195664
408591
98810
356682
301190
227803
1101248
897398
67127
293846
165885
1268930
275312
825936
306362
425683
118073
199043
188093
1023548
231668
129290
412968
550624
544782
908198
495287
1651872
228810
32820
346014
198504
31194
61434
170938
45717
45716
117317
169146
168480
49568
188808
168938
205743
89636
135891
280149
183592
85948
327848
260454
129788
260022
203631
182030
194688
263576
66569
432869
289913
105775
330932
124316
453839
380747
276082
29595
11725
105111
68472
106410
192430
205137
71762
32694
32058
208114
215370
67378
30242
31778
288430
550624
2064840
216721
1651872
411775
533104
222856
275312
363276
1022702
64270
258927
45819
414045
264734
206322
699618
63284
195508
388634
46130
1049883
1340274
223579
201650
465720
70778
116022
499537
436993
188806
156952
225938
866472
284927
868312
950360
364124
32916
163788
99390
1084369
264010
31946
280520
3032069
134796
283055
515778
136926
263814
796664
1091144
30260
15142
35630
513040
718135
74796
275312
275312
33470
198462
102208
106779
233425
3892400
311906
1561688
1351672
124451
100286
34756
900200
420994
42488
156344
413136
116569
218110
441726
112372
106634
274196
232370
212271
95214
56196
460958
136109
300374
200904
189122
177840
92026
97279
246017
110980
317004
27580
218328
235344
109724
190528
234923
391728
189492
208187
323893
60368
192548
62634
409495
130554
491341
338811
417355
420728
36390
32418
64530
258531
101278
94728
412692
196837
33698
31382
207195
236810
331783
201817
520581
203761
253127
32172
93302
60816
240352
32344
36544
116273
634182
537228
126063
213802
261316
158010
273331
425725
141248
130460
46424
201606
62982
364036
155188
91072
436156
1175825
31348
222466
662820
32190
408264
530599
250901
306263
257827
192266
825936
137656
295269
77029
200059
283806
206317
171555
368511
439354
351448
63502
32396
296592
31746
76516
77060
476848
479126
213675
322906
32126
280090
70376
214978
31960
62562
66982
192676
248721
318068
337585
265681
413408
111539
165910
210206
165710
47146
276292
15670
125280
15458
15792
96958
34978
32604
160832
175651
135081
30052
330610
181037
240524
182054
191258
199874
199906
233172
289383
346152
230570
66706
315246
1313261
599136
914950
848121
400742
33302
1665102
7022388
148801
198378
297575
464118
28884
359367
231843
98770
132475
116240
431970
167500
164439
246061
429817
247138
231988
280637
299690
247570
252056
385762
165032
98996
280128
315019
561396
231098
233614
213673
453736
298030
200989
216666
32938
466656
65830
444912
283180
34532
66758
197306
122473
408644
98341
65905
414270
310082
208522
33202
263746
261579
430946
268828
538207
106918
288070
353136
991204
115916
381145
296205
224112
391251
67185
370247
30264
325604
274639
90954
29944
185476
133408
309866
31914
185414
223737
32522
68980
413535
388903
1328114
33642
432814
281417
346101
190050
301280
447382
238355
209764
251350
100050
83256
134104
1155050
732339
67376
133258
365508
206306
803167
134122
65405
218090
2340152
137656
1927184
295438
167774
325878
158140
227077
102693
238970
100193
318125
223422
133390
249104
700895
32940
337906
269500
200190
396620
197084
231357
230673
229930
559424
198136
296302
394212
295892
892127
148629
32790
283425
82805
150237
4311087
191380
167353
268753
1237312
230165
230514
197832
186982
152357
270688
292298
283899
147383
539143
1421332
130706
816917
16357
294822
32594
179226
325963
163423
32698
261772
2518161
338256
213982
231303
425960
4183577
688280
66628
65708
2134326
238610
114969
199351
64920
81531
147064
279208
523567
213264
65116
553255
309705
4333605
348401
294967
132532
778716
261485
655252
114814
393120
265190
725473
733877
84434
17196
226375
898847
